2068160 -0.00645772  -0.00663225 0.00244346 -0.00981 0.10791 -9.83943
2068300 -0.00139626  0.000698132 -0.00122173 -0.00981 0.11772 -9.83943
2068420 0.00174533  -0.00558505 0.00558505 0 0.10791 -9.83943
2068440 0.0113446  0.000872665 0.00890118 -0.00981 0.11772 -9.81981
2068460 -0.000174533  -0.00226893 0.000349066 -0.00981 0.10791 -9.81
2068560 0.00383972  -0.00471239 -0.0015708 -0.00981 0.11772 -9.84924
2068580 0.00174533  0.00174533 0.00174533 -0.00981 0.12753 -9.83943
2068600 -0.00855211  0.00523599 0.00296706 -0.01962 0.10791 -9.82962
2068620 0.00401426  0.00279253 0.00401426 0 0.10791 -9.83943
2068640 0.00296706  0.0015708 -0.00226893 -0.00981 0.11772 -9.82962
2068660 -0.0015708  -0.00383972 -0.00453786 0 0.11772 -9.83943
2068680 -0.00645772  -0.00226893 0.00802851 -0.02943 0.11772 -9.84924
2068700 -0.00383972  -0.00383972 -0.00680678 -0.01962 0.11772 -9.83943
2068740 -0.00331613  -0.00872665 0.00663225 -0.00981 0.11772 -9.85905
2068760 -0.00122173  0.00942478 0.00820305 -0.00981 0.11772 -9.82962
2068780 -0.00226893  0.00401426 0.00715585 0 0.11772 -9.84924
2068800 0.000698132  -0.000174533 0.00279253 -0.00981 0.11772 -9.81981
2068960 0.00279253  0.00174533 0.00174533 0 0.11772 -9.83943
2068980 -0.00331613  0.00401426 0.00191986 -0.01962 0.11772 -9.84924
2069100 0.000872665  -0.00436332 0.00349066 -0.00981 0.12753 -9.83943
2069140 0.00802851  -0.00994838 0.00244346 -0.00981 0.10791 -9.85905
2069200 -0.00750492  -0.00331613 0.00575959 -0.00981 0.11772 -9.84924
2069240 -0.00331613  -0.00331613 0.00383972 -0.00981 0.11772 -9.84924
2069260 -0.00139626  0.00279253 -0.00314159 0 0.11772 -9.83943
2069340 0.00296706  0.000698132 0.00174533 -0.00981 0.11772 -9.83943
2069440 -0.00122173  -0.000174533 0.00174533 -0.02943 0.11772 -9.84924
2069460 -0.00331613  0.00733038 0.00191986 -0.00981 0.11772 -9.82962
2069480 -0.00541052  0.00401426 0.00610865 -0.01962 0.10791 -9.83943
2069560 0.00279253  -0.00261799 0.00139626 -0.01962 0.12753 -9.83943
2069620 -0.000174533  -0.00453786 0.00244346 0 0.10791 -9.83943
2069640 -0.000174533  -0.00122173 -0.000349066 -0.01962 0.10791 -9.83943
2069720 -0.000174533  -0.00139626 -0.00139626 -0.00981 0.11772 -9.84924
2069740 -0.00331613  0.00279253 -0.00314159 -0.02943 0.12753 -9.83943
2069840 0.00488692  0.000349066 -0.00244346 -0.00981 0.10791 -9.83943
2069920 0.00506145  0.000349066 -0.000174533 -0.02943 0.10791 -9.83943
2069940 -0.000174533  -0.00767945 0.00349066 -0.00981 0.11772 -9.84924
2069980 0.000698132  0.000523599 0.000698132 -0.00981 0.12753 -9.84924
2070020 0.0015708  0.000523599 -0.00453786 -0.02943 0.11772 -9.83943
2070040 0.00506145  0.00506145 0.00191986 -0.00981 0.12753 -9.85905
2070060 0.00279253  -0.00558505 0.00872665 0 0.11772 -9.83943
2070140 0.00907571  0.000698132 0.00366519 -0.00981 0.11772 -9.83943
2070180 0.0102974  -0.00349066 0.00244346 0 0.11772 -9.83943
2070260 0.00174533  -0.000349066 -0.000349066 -0.00981 0.11772 -9.84924
2070320 0.00191986  0.00296706 0.000698132 -0.01962 0.11772 -9.83943
2070340 -0.00471239  -0.000349066 -0.0010472 0 0.11772 -9.83943
2070380 0.0015708  -0.0015708 -0.00366519 -0.00981 0.11772 -9.83943
2070400 -0.000174533  -0.00767945 0.00244346 -0.00981 0.11772 -9.83943
2070440 -0.00767945  0.00139626 -0.00418879 -0.00981 0.11772 -9.83943
2070480 -0.00977384  -0.00349066 0.000523599 0 0.11772 -9.81981
2070500 -0.0223402  0.00191986 0.00506145 0 0.13734 -9.85905
2070520 -0.0329867  0.00628319 0.00296706 -0.01962 0.11772 -9.87867
2070600 0.0165806  -0.00593412 0.00244346 -0.00981 0.17658 -9.81
2070660 -0.0350811  -0.000174533 0.00191986 -0.00981 0.12753 -9.88848
2070680 -0.0445059  -0.00349066 0.00925025 -0.00981 0.16677 -9.84924
2070740 -0.0106465  -0.00122173 0.00279253 -0.00981 0.20601 -9.81981
2070780 0.0471239  -0.00715585 -0.000523599 0 0.18639 -9.83943
2070840 -0.00226893  0.00610865 0.00191986 -0.02943 0.17658 -9.83943
2070940 -0.0685914  0.00226893 -0.00314159 -0.00981 0.06867 -10.1632
2070960 -0.298102  0.00331613 0.00453786 -0.01962 0.08829 -10.2318
2071000 -0.45204  0.00558505 0.000523599 -0.01962 0.36297 -9.82962
2071040 -0.490612  0.00349066 -0.00628319 0 0.55917 -9.85905
2071100 -0.457276  0.00331613 -0.0010472 -0.01962 0.86328 -9.74133
2071140 -0.413294  -0.00541052 -0.0010472 0 0.97119 -9.92772
2071160 -0.462861  0.00453786 0.000872665 -0.01962 1.0791 -9.84924
2071200 -0.459894  0.00226893 -0.00314159 -0.01962 1.20663 -9.89829
2071380 -0.926246  0.0137881 -0.00261799 -0.00981 2.48193 -9.5157
2071440 -0.839329  0.00785398 0.00226893 0 3.02148 -9.28026
2071500 -0.653102  0.00715585 0.000349066 0 3.37464 -9.32931
2071560 -0.652928  0.01309 0.00139626 0 3.90438 -8.84862
2071580 -0.456055  0.00925025 0.0010472 0 3.98286 -8.81919
2071620 -0.337547  0.00558505 -0.0010472 0 4.14963 -8.78976
2071640 -0.19059  0.00837758 -0.00471239 0 4.14963 -8.78976
2071700 -0.385369  0.00366519 0.00191986 0.00981 4.19868 -9.07425
2071740 -0.397062  0.00994838 -0.0010472 -0.00981 4.43412 -8.78976
2071760 -0.356745  0.00558505 0.000872665 0 4.50279 -8.77995
2071780 -0.403346  0.0015708 0.00296706 0 4.49298 -8.91729
2071840 -0.330914  0.00663225 0.00453786 0 4.85595 -8.44641
2071880 -0.227067  -0.00349066 -0.00767945 0.00981 4.8069 -8.78976
2071980 -0.0303687  0.00663225 0 0 5.03253 -8.46603
2072040 -0.0197222  -0.000872665 0.00401426 0 5.07177 -8.34831
2072060 0.0148353  -0.0020944 0.000349066 0 4.98348 -8.55432
2072120 0.284489  0 -0.00349066 0.00981 5.02272 -8.41698
2072160 0.248709  0.00244346 -0.00174533 0 4.85595 -8.62299
2072180 0.237016  -0.00174533 -0.000523599 0 4.82652 -8.65242
2072200 0.352557  0.00174533 0 0 4.86576 -8.42679
2072240 0.713142  -0.00471239 -0.0010472 0 4.54203 -8.77995
2072280 0.390954  -0.000349066 -0.00471239 0.00981 4.29678 -9.06444
2072300 0.295484  -0.00436332 -0.00558505 0 4.27716 -9.0252
2072320 0.256563  -0.00174533 -0.00191986 0.00981 4.26735 -8.93691
2072480 0.222879  0.0101229 0.00401426 0 3.79647 -9.0252
2072500 0.300197  0.00349066 -0.000174533 0 3.78666 -9.04482
2072560 0.267384  -0.00872665 0.00244346 -0.00981 3.50217 -9.33912
2072700 0.125489  -0.000698132 0.00558505 -0.00981 3.09996 -9.50589
2072740 0.28222  -0.000349066 0.000174533 -0.00981 3.15882 -9.18216
2072760 0.356222  0.00663225 -0.00418879 0 3.05091 -9.30969
2072780 0.378387  0.00349066 0.000872665 0 2.97243 -9.40779
2072860 0.362679  -0.00174533 0.00296706 0 2.75661 -9.37836
2072900 0.460069  -0.00767945 0.00401426 0 2.58003 -9.49608
2072920 0.400728  0.00139626 0.000872665 0 2.42307 -9.7119
2072940 0.339292  0.00244346 0 -0.00981 2.41326 -9.6138
2073000 0.454658  -0.00750492 0.00820305 -0.00981 2.21706 -9.55494
2073020 0.44087  -0.000698132 0.00610865 0 2.08953 -9.70209
2073100 0.276809  -0.000174533 -0.0020944 -0.00981 1.80504 -9.72171
2073240 0.187797  -0.00331613 0 0 1.49112 -9.74133
2073260 0.146433  -0.00191986 0.00191986 0 1.42245 -9.85905
2073320 0.273668  0.00296706 -0.0010472 0 1.31454 -9.80019
2073340 0.240855  -0.00122173 0.00401426 0 1.29492 -9.82962
2073360 0.241554  -0.00331613 -0.00418879 -0.00981 1.23606 -9.79038
2073400 0.185703  -0.00558505 -0.00314159 0 1.15758 -9.77076
2073460 0.199666  0.000872665 0.00506145 0 1.03005 -9.80019
2073480 0.199666  -0.00122173 0.00401426 -0.01962 0.97119 -9.83943
2073520 0.090059  0.00453786 -0.00855211 0 0.95157 -9.80019
2073540 0.146782  0.000174533 0.00506145 0 0.981 -9.69228
2073560 0.237714  -0.000174533 0.00296706 -0.01962 0.96138 -9.66285
2073640 0.171042  -0.00663225 0.000872665 0 0.70632 -9.85905
2073700 0.199666  -0.00872665 0.00401426 -0.00981 0.63765 -9.73152
2073740 0.342434  -0.00610865 0.000349066 -0.00981 0.53955 -9.72171
2073780 0.414516  -0.00610865 0.000872665 0 0.35316 -9.82962
2073840 0.126187  0.00593412 0.00558505 -0.01962 0.02943 -10.1435
2073900 0.00488692  -0.000349066 0.00139626 -0.02943 0.11772 -9.86886
2073980 0.00802851  -0.00139626 0.0015708 -0.02943 0.10791 -9.82962
2074020 0.000698132  0.00628319 0.0102974 -0.01962 0.12753 -9.83943
2074060 0.0123918  0.00890118 0.000872665 -0.00981 0.11772 -9.82962
2074160 0.0164061  0.00349066 -0.00226893 -0.02943 0.11772 -9.83943
2074260 -0.00314159  0.00628319 0.018675 -0.01962 0.08829 -9.84924
2074280 0.00698132  0.00663225 0.183609 0.00981 -0.18639 -9.84924
2074340 0.00802851  0.00401426 1.17688 0.03924 0.13734 -9.82962
2074360 0.00331613  -0.0020944 0.978606 0 0.44145 -9.83943
2074400 -0.00506145  0.00261799 0.120951 -0.05886 0.57879 -9.83943
2074460 0.00488692  -0.00575959 0.00244346 -0.01962 0.11772 -9.84924
2074540 0.00139626  0.00139626 -0.00977384 0 0.10791 -9.83943
2074620 -0.00733038  -0.00261799 -0.119904 -0.04905 0.21582 -9.84924
2074640 0.00314159  0.000174533 -0.158825 0 0.10791 -9.83943
2074720 -0.00331613  0.00610865 -0.0851721 -0.00981 0.08829 -9.83943
2074780 0.00244346  -0.000174533 -0.100182 -0.00981 0.02943 -9.83943
2074820 0.0472984  -0.00296706 -0.0394444 0 0.11772 -9.84924
2074840 0.104196  0.00139626 -0.0961676 -0.02943 0.1962 -9.85905
2074880 0.179071  -0.00174533 -0.058294 0 -0.00981 -9.84924
2074960 0.387289  0.00191986 -0.0305433 0 -0.15696 -9.84924
2074980 0.524471  0.000698132 0 0.00981 -0.21582 -9.87867
2075020 0.507542  -0.00122173 0.00401426 -0.02943 -0.51012 -9.81
2075040 0.516094  -0.00558505 0 0 -0.54936 -9.81981
2075060 0.608247  -0.000523599 -0.00122173 -0.01962 -0.62784 -9.84924
2075080 0.696037  -0.00820305 0.00349066 -0.00981 -0.75537 -9.81
2075140 0.983668  -0.000698132 -0.00575959 -0.01962 -1.2753 -9.74133
2075160 1.03777  -0.00541052 -0.00471239 -0.00981 -1.4715 -9.7119
2075180 1.08333  -0.00663225 -0.00366519 -0.00981 -1.68732 -9.68247
2075280 0.818734  -0.00139626 0.000174533 -0.00981 -2.76642 -9.38817
2075320 0.761662  0.00401426 -0.00471239 0 -2.93319 -9.35874
2075400 0.737751  -0.0020944 -0.000523599 -0.01962 -3.48255 -9.13311
2075440 0.951554  -0.00279253 0.00174533 -0.01962 -3.78666 -9.01539
2075460 0.873188  -0.00680678 -0.00349066 0 -4.06134 -8.87805
2075540 0.429002  0.00349066 0.00872665 0 -4.39488 -8.7309
2075560 0.412945  0.00663225 0.00139626 -0.00981 -4.5126 -8.66223
2075640 0.498641  -0.00663225 0.00872665 -0.01962 -4.69899 -8.54451
2075740 0.341561  0.00244346 -0.00418879 -0.00981 -5.16006 -8.26002
2075780 0.43354  0.0010472 0 0 -5.1993 -8.22078
2075800 0.517141  0.010472 0.000872665 -0.01962 -5.28759 -8.17173
2075840 0.142419  -0.00296706 0.000349066 -0.00981 -5.56227 -8.00496
2075920 -0.0457276  -0.00767945 0.00279253 -0.00981 -5.4936 -8.05401
2075940 -0.111352  0.00942478 -0.00418879 -0.00981 -5.4936 -8.05401
2076020 -0.386416  -0.00226893 -0.00261799 -0.00981 -5.33664 -8.15211
2076060 -0.483805  -0.010472 0.00349066 -0.01962 -5.15025 -8.27964
2076140 -0.747001  -0.000698132 -0.0015708 0 -4.66956 -8.5347
2076220 -0.625002  -0.00331613 0.00349066 -0.01962 -4.26735 -8.76033
2076240 -0.59987  -0.000349066 -0.00279253 0 -4.1202 -8.84862
2076280 -0.452564  -0.00506145 0.000872665 -0.00981 -3.924 -8.93691
2076300 -0.374722  0.00296706 -0.00750492 0 -3.86514 -8.97615
2076340 -0.413468  0.0010472 0.00314159 -0.01962 -3.76704 -9.01539
2076360 -0.383798  0.00174533 0.00122173 -0.00981 -3.65913 -9.07425
2076380 -0.360585  0.000698132 -0.000523599 -0.01962 -3.59046 -9.08406
2076420 -0.266512  0.00244346 -0.00628319 -0.00981 -3.48255 -9.16254
2076540 -0.352906  0.00942478 -0.00698132 -0.00981 -3.14901 -9.27045
2076620 -0.327249  0.00715585 0.00349066 0 -2.83509 -9.37836
2076640 -0.347321  0.00837758 -0.0015708 -0.00981 -2.79585 -9.36855
2076660 -0.410851  0.00506145 -0.00261799 -0.00981 -2.7468 -9.39798
2076700 -0.44279  0 -0.00261799 -0.00981 -2.49174 -9.46665
2076720 -0.375944  -0.00122173 0.000349066 -0.00981 -2.41326 -9.50589
2076760 -0.338943  0.00191986 -0.00331613 -0.00981 -2.34459 -9.50589
2076820 -0.323933  -0.00226893 0.00593412 -0.01962 -2.09934 -9.57456
2076840 -0.312414  -0.00122173 0.00383972 -0.01962 -2.05029 -9.57456
2076940 -0.43546  -0.00959931 -0.0010472 0 -1.78542 -9.62361
2076960 -0.510858  0.000174533 -0.00628319 -0.01962 -1.67751 -9.65304
2077000 -0.522901  -0.000698132 0.000872665 -0.00981 -1.46169 -9.69228
2077020 -0.647866  -0.00436332 -0.000698132 -0.00981 -1.41264 -9.68247
2077040 -0.759567  -0.00610865 -0.00366519 -0.00981 -1.23606 -9.69228
2077080 -1.01351  -0.00226893 -0.0144862 0 -0.94176 -9.73152
2077120 -1.11736  0.000174533 -0.0195477 0 -0.40221 -9.81
2077140 -1.07547  0.00506145 -0.0383972 0 -0.14715 -9.85905
2077180 -0.185005  0.00977384 -0.00593412 0 0.50031 -10.0454
2077200 -0.010821  -0.00349066 0.00261799 -0.01962 0.06867 -9.83943
2077240 -0.00331613  0.00279253 -0.00331613 -0.01962 0.11772 -9.84924
2077280 -0.00453786  -0.00663225 0.00244346 0 0.12753 -9.83943
2077300 -0.00331613  -0.00226893 0.00174533 -0.00981 0.11772 -9.83943
2077480 0.00383972  0.00506145 0.00383972 0 0.11772 -9.84924
2077560 0.0015708  0.00244346 -0.00750492 0 0.0981 -9.84924
2077600 -0.00331613  -0.00453786 -0.000523599 -0.01962 0.12753 -9.85905
2077660 -0.00226893  0.00925025 -0.0010472 -0.01962 0.11772 -9.83943
2077680 -0.00541052  0.00733038 0.00296706 0 0.11772 -9.83943
2077720 -0.00558505  0.00506145 0.000872665 -0.00981 0.12753 -9.83943
2077740 -0.00366519  -0.00366519 -0.00261799 -0.00981 0.10791 -9.84924
2077840 -0.00436332  0.00890118 -0.00418879 -0.00981 0.11772 -9.83943
2077880 -0.00471239  -0.0015708 -0.00331613 0 0.11772 -9.84924
2077940 -0.00226893  0.00296706 0.000872665 -0.02943 0.10791 -9.85905
2077960 0.00174533  -0.00471239 -0.0015708 -0.00981 0.10791 -9.83943
2078080 0.00593412  0.000523599 0.000523599 -0.02943 0.11772 -9.84924
2078160 -0.00506145  0.477348 -0.000349066 0.05886 0.13734 -9.93753
2078200 0.0109956  0.697434 -0.0561996 0.45126 0.05886 -9.89829
2078260 0.0151844  1.0931 -0.197397 0.99081 0.02943 -9.84924
2078280 0.020944  1.07216 -0.135787 1.03986 0.21582 -9.65304
2078300 0.00645772  0.959757 -0.0340339 1.25568 0.16677 -9.68247
2078320 -0.0113446  0.898845 -0.0488692 1.58922 0.08829 -9.68247
2078340 0.00767945  0.849975 -0.0682424 1.75599 0.12753 -9.6138
2078380 0.00541052  0.772657 -0.00436332 1.94238 0.11772 -9.70209
2078400 0.0162316  0.869872 -0.0275762 2.13858 0.0981 -9.63342
2078560 -0.00977384  0.454484 0.0254818 3.18825 0.14715 -9.30969
2078660 -0.00680678  0.587827 -0.00471239 3.68856 0.12753 -9.1233
2078680 -0.00663225  0.603011 -0.00471239 3.78666 0.13734 -9.08406
2078720 -0.000698132  0.669159 0.00139626 4.03191 0.12753 -8.95653
2078760 0.0139626  0.581195 -0.016057 4.29678 0.10791 -8.83881
2078800 0.0148353  0.372104 -0.00506145 4.46355 0.17658 -8.65242
2078840 -0.00349066  0.176104 0.00401426 4.5126 0.06867 -8.72109
2078860 0.000523599  0.168599 0.00191986 4.54203 0.11772 -8.69166
2078880 0.000174533  0.134914 -0.00366519 4.55184 0.11772 -8.69166
2078920 -0.00977384  0.0542797 0.00488692 4.60089 0.0981 -8.65242
2078940 -0.000349066  0.0411898 0.00349066 4.58127 0.12753 -8.69166
2079040 0.00418879  -0.301767 -0.000872665 4.52241 0.10791 -8.64261
2079060 0.00349066  -0.395492 -0.000698132 4.46355 0.13734 -8.68185
2079180 0.00750492  -0.424639 0.0113446 3.85533 0.11772 -9.05463
2079220 -0.00506145  -0.333009 0.0301942 3.76704 0.11772 -9.08406
2079240 -0.0169297  -0.368963 0.0727802 3.69837 0.16677 -9.03501
2079280 -0.0408407  -0.56601 0.106465 3.61989 0.05886 -9.10368
2079340 -0.0123918  -0.555189 0.023911 3.20787 0.10791 -9.29988
2079360 -0.0106465  -0.577879 0.0258309 3.11958 0.10791 -9.26064
2079400 -0.0357792  -0.765152 0.104022 2.86452 0.12753 -9.33912
2079440 -0.018675  -0.796917 0.0671952 2.56041 0.05886 -9.53532
2079480 -0.010821  -0.713316 0.0242601 2.27592 0.11772 -9.50589
2079520 -0.00802851  -0.772657 0.0237365 1.97181 0.11772 -9.60399
2079540 -0.00767945  -0.790983 0.0354302 1.78542 0.11772 -9.66285
2079560 -0.00802851  -0.730071 0.0593412 1.55979 0.13734 -9.80019
2079600 -0.00925025  -0.590794 0.0851721 1.43226 0.08829 -9.77076
2079640 -0.00872665  -0.534769 0.136659 1.13796 0.14715 -9.79038
2079680 -0.013439  -0.540703 0.2056 0.97119 0.13734 -9.78057
2079740 -0.0020944  -0.562345 0.0727802 0.72594 0.0981 -9.74133
2079800 -0.00401426  -0.57561 0.0371755 0.31392 0.07848 -9.93753
2079860 0.00872665  -0.313985 0.0390954 0.03924 0.11772 -9.85905
2079920 -0.00558505  0.0109956 -0.00523599 -0.01962 0.11772 -9.81981
2080000 0.00436332  -0.00383972 -0.0101229 0 0.10791 -9.83943
2080100 0.00523599  0.000698132 -0.205076 0.05886 0.13734 -9.83943
2080120 0.00855211  0.0132645 -0.118508 -0.12753 0.0981 -9.83943
2080200 0.00261799  -0.00122173 -0.0897099 -0.01962 0.20601 -9.83943
2080260 0.00226893  -0.00977384 -0.324108 0 0.16677 -9.83943
2080280 0.00122173  -0.000698132 -0.383449 0 0.26487 -9.85905
2080320 0  0.00191986 -0.752935 -0.01962 0.32373 -9.84924
2080340 0.00261799  -0.00191986 -0.73234 0.01962 0.0981 -9.83943
2080380 -0.00261799  0.00349066 -0.367741 0.00981 -0.26487 -9.83943
2080440 -0.00261799  -0.00261799 -0.00558505 0.00981 -0.02943 -9.84924
2080580 0.00994838  -0.822225 0.14748 -0.43164 0.10791 -9.91791
2080660 0.0109956  -0.960455 0.0954695 -1.12815 0.21582 -9.72171
2080680 0.0116937  -0.904081 0.112225 -1.40283 0.08829 -9.67266
2080720 -0.00296706  -0.888547 0.010821 -1.58922 0.1962 -9.81981
2080800 0.0403171  -1.19293 0.0975639 -2.46231 0.21582 -9.47646
2080820 0.0202458  -1.09519 0.0336849 -2.68794 0.17658 -9.33912
2080840 0.0129154  -1.01753 0.0158825 -2.89395 0.13734 -9.35874
2081020 0.0912807  -0.708953 0.18867 -4.32621 -0.10791 -8.75052
2081060 0.0673697  -0.64263 0.127409 -4.54203 0.22563 -8.829
2081080 0.0712094  -0.664621 0.166155 -4.67937 0 -8.6328
2081100 0.125838  -0.587827 0.231256 -4.81671 0.11772 -8.50527
2081120 0.0689405  -0.480315 0.124617 -4.97367 0.23544 -8.35812
2081140 0.0558505  -0.351858 0.11013 -4.97367 0.12753 -8.40717
2081260 -0.00994838  0.604931 -0.000872665 -4.88538 0.12753 -8.37774
2081320 0.000872665  0.598997 -0.00261799 -4.47336 0.14715 -8.78976
2081460 0.0106465  0.503527 0.000872665 -3.90438 0.13734 -8.96634
2081560 0.00174533  0.701971 -0.000523599 -3.27654 0.13734 -9.35874
2081600 0.00890118  0.663225 0.00261799 -3.1392 0.11772 -9.2214
2081620 0.000872665  0.745954 -0.00366519 -2.95281 0.14715 -9.33912
2081740 -0.0153589  0.416436 -0.0570723 -2.2563 0.02943 -9.69228
2081800 0.00366519  0.499513 0.00925025 -2.00124 0.11772 -9.64323
2081880 0.00349066  0.564963 -0.0167552 -1.59903 0.15696 -9.69228
2081920 -0.0102974  0.548906 -0.0178024 -1.38321 0.13734 -9.72171
2082020 0.000698132  0.648564 -0.0319395 -0.7848 0.0981 -9.81981
2082040 -0.0015708  0.633555 -0.0375246 -0.63765 0.13734 -9.84924
2082060 0.00296706  0.648564 -0.0251327 -0.55917 0.10791 -9.75114
2082160 -0.000174533  0.00401426 0.00191986 -0.06867 0.12753 -9.64323
2082220 -0.00331613  0.00174533 0.0020944 -0.01962 0.11772 -9.84924
2082240 -0.00558505  0.000698132 0.00418879 -0.02943 0.10791 -9.85905
2082260 -0.00226893  0.00610865 0 0 0.12753 -9.84924
2082280 -0.00349066  -0.000174533 0.00418879 -0.01962 0.10791 -9.84924
2082300 -0.00558505  0.00506145 0.010472 -0.00981 0.0981 -9.84924
2082360 0.00349066  -0.00401426 -0.00471239 -0.00981 0.0981 -9.83943
2082380 -0.00331613  0.00715585 -0.0010472 -0.01962 0.11772 -9.83943
2082400 0.00802851  0.00593412 0.00401426 -0.00981 0.12753 -9.83943
2082460 0.00174533  -0.000349066 0.00139626 -0.01962 0.11772 -9.83943
2082520 -0.00122173  -0.00453786 0.0015708 -0.00981 0.10791 -9.85905
2082540 0.00174533  0.000523599 -0.00122173 -0.02943 0.11772 -9.83943
2082600 0.0111701  -0.00575959 0.00575959 -0.00981 0.11772 -9.84924
2082660 0.00907571  -0.0015708 0.000523599 -0.01962 0.10791 -9.83943
2082700 0.259007  0.00191986 0.00977384 0 0.27468 -9.93753
2082720 0.679108  0 0.0708604 0.01962 0.16677 -9.97677
2082760 1.88513  0.0356047 0.439823 0.00981 -0.20601 -9.98658
2082820 2.57035  0.0195477 0.0441568 -0.06867 -1.57941 -9.59418
2082860 1.89002  0.00418879 -0.00139626 -0.00981 -3.10977 -9.20178
2082940 -0.00331613  0.000523599 0.00593412 -0.00981 -3.36483 -9.20178
2082980 -0.342783  0.000698132 0.00261799 0 -3.32559 -9.18216
2083020 -0.385543  -0.00453786 -0.0015708 -0.00981 -3.09996 -9.29007
2083040 -0.460767  -0.00523599 -0.00366519 -0.00981 -3.08034 -9.28026
2083060 -0.653626  -0.000174533 -0.00645772 0 -3.06072 -9.29007
2083180 -0.090059  0.0214675 -0.430049 1.2753 -0.86328 -10.3005
2083200 -0.00541052  -0.00610865 -0.223577 -0.91233 1.04967 -9.64323
2083240 -0.00488692  -0.00279253 -0.00593412 -0.21582 0.27468 -9.81981
2083280 0.00383972  -0.00890118 0.00261799 -0.02943 0.15696 -9.82962
2083380 -0.00244346  -0.00244346 -0.00139626 0 0.11772 -9.84924
2083440 -0.00226893  0.00174533 0.00296706 -0.01962 0.13734 -9.86886
2083460 0.00383972  0.00174533 0.00174533 -0.01962 0.10791 -9.85905
2083620 0.00488692  -0.000174533 0.00261799 0 0.11772 -9.84924
2083700 0.000698132  -0.00122173 0.00575959 -0.00981 0.12753 -9.84924
2083740 -0.00122173  0.00610865 0.00820305 -0.00981 0.11772 -9.81981
2083760 -0.00872665  0.010472 0 -0.00981 0.12753 -9.82962
2083820 -0.00331613  -0.000174533 0.00191986 -0.00981 0.10791 -9.84924
2083840 -0.00453786  -0.00349066 -0.00139626 -0.02943 0.11772 -9.83943
2083860 -0.00680678  -0.00593412 -0.00366519 0 0.12753 -9.83943
2083900 -0.0645772  0.00959931 0.013439 -0.02943 0.06867 -9.95715
2083920 -0.281696  0.00226893 0.0274017 -0.03924 -0.02943 -10.2613
2083960 -0.878773  -0.0106465 0.108385 -0.10791 0.06867 -10.3888
2083980 -1.06919  0.00558505 0.10664 0.07848 0.54936 -10.0454
2084100 -1.00897  0.00523599 -0.0010472 0 1.7658 -9.59418
2084140 -0.864811  0.013439 -0.00383972 0 2.29554 -9.26064
2084160 -0.796045  0.000174533 0.0020944 -0.00981 2.27592 -9.57456
2084200 -0.921359  -0.00767945 -0.00837758 0 2.61927 -9.5157
2084260 -0.790983  0.0120428 -0.00523599 0 3.16863 -9.27045
2084320 -0.497593  0.0148353 -0.00279253 0.00981 3.65913 -8.83881
2084440 -0.304211  -0.000523599 -0.00331613 0 3.97305 -9.15273
2084500 0.270002  0.00122173 0.0102974 0 4.26735 -8.48565
2084540 0.875108  -0.016057 0.000523599 0.00981 4.06134 -8.50527
2084660 0.00820305  -0.00837758 0.163712 0.18639 1.36359 -10.1435
2084680 0.0116937  0.00296706 0.0293215 -0.10791 -0.06867 -9.55494
2084700 0.00453786  -0.00314159 0.00471239 0 0.22563 -10.0258
2084740 0.000523599  0.00575959 0.229336 -0.25506 0.37278 -9.94734
2084760 0.00575959  0.0118682 0.395143 -0.11772 0.14715 -9.80019
2084780 -0.0015708  0.00314159 0.123395 0.36297 -0.22563 -9.86886
2084840 0.00279253  0.00296706 0.00628319 0 0.0981 -9.82962
2084880 -0.00855211  0.0125664 -0.00191986 -0.01962 0.11772 -9.83943
2084920 0.000698132  0.00733038 0.00523599 -0.03924 0.13734 -9.87867
2085040 -0.00122173  -0.000174533 0.00802851 -0.01962 0.10791 -9.87867
2085080 -0.00663225  0.00296706 0.00418879 0 0.10791 -9.82962
2085100 0.000698132  -0.00122173 0.00471239 -0.00981 0.11772 -9.83943
2085180 0.00488692  0.00872665 -0.00523599 -0.02943 0.12753 -9.84924
2085200 -0.00471239  -0.000523599 -0.00226893 -0.01962 0.13734 -9.83943
2085360 -0.00453786  -0.00977384 0.00139626 0 0.11772 -9.83943
2085380 -0.000174533  -0.00663225 0.00139626 -0.01962 0.11772 -9.82962
2085440 -0.0150098  0.00174533 0.222355 -0.00981 0.11772 -9.83943
2085460 0  -0.00453786 0.246091 -0.06867 0.16677 -9.83943
2085480 -0.0122173  -0.00296706 0.302291 -0.11772 0.17658 -9.86886
2085580 -0.00733038  0.0788889 0.137706 0.2943 -0.08829 -9.99639
2085600 -0.0221657  0.298277 -0.0589921 0.17658 -0.01962 -10.0749
2085660 -0.0310669  0.60336 -0.209614 0.40221 0.14715 -9.78057
2085700 0.0204204  0.418704 -0.200189 0.5886 0.17658 -9.74133
2085740 -0.0232129  0.434412 -0.15708 0.80442 -0.03924 -10.1337
2085880 0.0298451  0.669683 0.0219911 1.58922 0.20601 -9.75114
2085940 0.0602139  0.466352 0.00453786 1.97181 0.13734 -9.67266
2086060 0.0010472  0.146957 -0.0270526 2.36421 0.0981 -9.63342
2086120 0.0102974  -0.0923279 -0.00767945 2.42307 0.21582 -9.33912
2086140 0.0331613  -0.330391 0.05044 2.34459 0.21582 -9.29988
2086240 -0.0267035  -3.9811 0.738623 -0.04905 0.7848 -8.41698
2086280 -0.00261799  0.367217 -1.28386 0.08829 0.3924 -10.1435
2086340 -0.00698132  -0.0253073 -0.230034 -0.40221 0.44145 -9.77076
2086360 0.00523599  0.01309 -0.0354302 -0.12753 0.21582 -9.88848
2086400 0.00261799  0.000523599 -0.00349066 -0.01962 0.13734 -9.85905
2086540 -0.00541052  0.000698132 0 0 0.11772 -9.84924
2086580 -0.00226893  0.00383972 -0.0010472 0.00981 0.0981 -9.83943
2086640 0.00349066  0.00122173 -0.00663225 -0.00981 0.11772 -9.83943
2086720 -0.00855211  0.00610865 0 -0.00981 0.11772 -9.82962
2086740 -0.00436332  0.00401426 0.00401426 -0.01962 0.12753 -9.83943
2086760 0.00139626  -0.00122173 0.0392699 -0.04905 0.03924 -9.83943
2086780 0.00541052  -0.00279253 0.206298 -0.0981 -0.07848 -9.85905
2086800 0  0.00471239 0.33266 0.01962 -0.00981 -9.83943
2086840 0.0015708  0.00296706 0.363203 0.01962 0.20601 -9.82962
2086880 -0.00191986  0.00366519 0.106989 0 0.33354 -9.83943
2086900 0.00436332  0.00942478 0.0207694 0 0.18639 -9.84924
2086960 0.00506145  -0.00785398 0.00349066 -0.00981 0.13734 -9.84924
2086980 -0.00436332  -0.00244346 0.00383972 0 0.12753 -9.85905
2087060 0.0015708  -0.000523599 -0.00471239 0 0.13734 -9.85905
2087100 -0.00349066  -0.00750492 -0.0919789 0 0.04905 -9.83943
2087140 -0.00628319  -0.00418879 -0.0729548 0 0.26487 -9.84924
2087180 -0.00820305  -0.20752 -0.0645772 0.21582 0.05886 -10.4084
2087260 -0.0174533  -0.954695 -0.0678933 -0.48069 0.14715 -10.0258
2087360 0.0191986  -0.975814 0.164061 -1.60884 0.20601 -9.6138
2087540 -0.00279253  -0.567581 0.00401426 -3.00186 0.11772 -9.37836
2087740 -0.00715585  0.2241 -0.00366519 -3.42369 0.12753 -9.14292
2087780 0.000174533  0.49707 0.000174533 -3.39426 0.12753 -8.90748
2087800 -0.00802851  0.88017 -0.000698132 -3.37464 0.13734 -8.65242
2087820 -0.0106465  1.5317 -0.0202458 -3.17844 0.14715 -8.37774
2087840 -0.0394444  2.45934 -0.164061 -2.54079 0.06867 -8.1423
2087900 -0.0179769  3.64564 -0.876679 1.5696 -0.96138 -11.3306
2087960 -0.00610865  -0.0226893 -0.00261799 0.06867 -0.00981 -10.0356
2087980 -0.00645772  0.00610865 0.00715585 -0.05886 0.18639 -9.76095
2088000 -0.00750492  0.00174533 0.00488692 0 0.07848 -9.88848
2088020 -0.00122173  0.00296706 -0.0010472 0 0.10791 -9.81981
2088040 -0.00122173  0.00645772 -0.045204 0.06867 0.02943 -9.85905
2088140 -0.000872665  0.0141372 -0.034383 -0.15696 0.26487 -9.83943
2088240 0.00715585  0.00907571 0.000872665 -0.00981 0.11772 -9.84924
2088320 -0.000174533  0.00174533 0.00279253 -0.00981 0.0981 -9.85905
2088340 -0.00541052  -0.000174533 -0.00122173 0 0.11772 -9.83943
2088380 -0.00436332  -0.00122173 0.00279253 -0.00981 0.11772 -9.85905
2088400 -0.00226893  -0.00349066 -0.000349066 -0.01962 0.11772 -9.83943
2088500 0.00785398  -0.000349066 -0.0980875 0.10791 0.18639 -9.84924
2088520 -0.00244346  -0.00226893 -0.455182 0.24525 0.22563 -9.83943
2088540 -0.00174533  0.00122173 -0.605106 0.00981 0.00981 -9.82962
2088600 -0.00820305  -0.00331613 -0.875283 0.01962 0.0981 -9.83943
2088660 0.0010472  0.00750492 -1.56905 -0.16677 -0.00981 -9.84924
2088680 0.016057  -0.00541052 -1.32802 -0.13734 0.05886 -9.85905
2088720 0.00872665  -0.00296706 -0.595157 -0.44145 0.37278 -9.82962
2088820 0.000523599  0.00349066 -0.374024 0.04905 0.16677 -9.84924
2088920 -0.00471239  -0.0010472 -1.00199 -0.22563 -0.01962 -9.84924
2088980 0.0106465  -0.000698132 -1.05994 0.05886 0.35316 -9.84924
2089000 0.00558505  -0.000698132 -1.18176 0.12753 0.11772 -9.83943
2089040 -0.00366519  -0.0010472 -1.08943 0.02943 0.15696 -9.83943
2089100 0.0020944  0.00139626 -0.482933 -0.15696 -0.06867 -9.84924
2089140 0.00366519  -0.00139626 -0.45396 0.00981 0.0981 -9.85905
2089180 0.00575959  0.000349066 -0.500211 0.25506 0.17658 -9.83943
2089240 -0.00436332  0.00506145 -0.222704 0 0.16677 -9.84924
2089280 -0.00226893  -0.00191986 -0.0401426 -0.0981 0.02943 -9.84924
2089460 0.00680678  0.0020944 0.173835 -0.05886 0.11772 -9.83943
2089480 -0.00383972  0.00331613 0.309447 -0.07848 0.0981 -9.83943
2089520 0.00401426  0.00383972 0.952077 -0.11772 -0.04905 -9.83943
2089600 -0.00453786  0.0150098 2.2965 0.48069 0.16677 -9.82962
2089640 0.00279253  0.00488692 2.03802 0.18639 0.1962 -9.84924
2089680 -0.00855211  0.00820305 1.72439 0.00981 -0.00981 -9.84924
2089700 -0.00471239  0.00855211 1.52786 0.08829 0.18639 -9.83943
2089800 0.00279253  0.00383972 0.581544 -0.01962 0.26487 -9.83943
2089840 0.00191986  0.00471239 0.231954 -0.02943 0.31392 -9.85905
2089860 0.00506145  0.00279253 0.141197 0 0.1962 -9.84924
2089980 0.198095  0.00575959 0.163886 0.00981 0.28449 -9.89829
2090060 1.1041  0.000872665 0.0322886 -0.00981 -0.45126 -9.81981
2090080 1.14581  0.00628319 0.042586 -0.00981 -0.67689 -9.81981
2090280 0.730944  0.00226893 0.00872665 0 -2.83509 -9.37836
2090320 0.290597  -0.00680678 -0.00314159 -0.01962 -3.27654 -9.20178
2090360 -1.07634  -0.00837758 -0.0195477 -0.01962 -3.40407 -9.08406
2090420 -1.04598  0.0020944 -0.00331613 0 -2.18763 -9.56475
2090440 -1.06378  0.00453786 -0.00122173 -0.00981 -2.10915 -9.54513
2090500 -2.29336  -0.00977384 -0.074351 -0.03924 -1.00062 -9.66285
2090580 -0.0118682  -0.00349066 0.000349066 -0.05886 0.15696 -9.67266
2090640 0.00174533  -0.00680678 -0.00279253 -0.01962 0.13734 -9.85905
2090660 -0.00226893  0.000698132 0.00383972 -0.01962 0.13734 -9.82962
2090680 -0.00226893  0.00506145 0.00279253 -0.01962 0.11772 -9.85905
2090720 -0.00855211  0.000523599 -0.00122173 -0.00981 0.11772 -9.85905
2090760 -0.00122173  -0.00453786 -0.000698132 -0.01962 0.11772 -9.86886
2090800 0.00471239  -0.00296706 -0.00383972 -0.01962 0.10791 -9.84924
2090840 0.00506145  0.000349066 -0.0015708 -0.01962 0.11772 -9.83943
2090880 -0.00139626  -0.00139626 0.000523599 0.00981 0.11772 -9.83943
2090940 0.00698132  -0.00575959 -0.000698132 -0.00981 0.12753 -9.85905
2091000 0.00401426  -0.00244346 0.00244346 0 0.11772 -9.84924
2091040 0.000698132  0.00593412 0 -0.00981 0.11772 -9.83943
2091100 -0.00471239  0.000523599 -0.00122173 -0.00981 0.11772 -9.83943
2091140 -0.00226893  -0.00244346 0.00471239 0 0.14715 -9.85905
2091160 -0.00122173  -0.00663225 0.00663225 0 0.11772 -9.84924
2091200 -0.00558505  0.000349066 -0.00453786 -0.01962 0.10791 -9.85905
2091360 0.00506145  -0.00139626 0.00139626 -0.00981 0.10791 -9.86886
2091380 0.000698132  0.00174533 0.00366519 0 0.10791 -9.84924
2091440 0.00296706  0.00802851 0 -0.01962 0.10791 -9.84924
2091500 -0.00226893  0.00296706 0.00715585 -0.02943 0.11772 -9.83943
2091540 -0.00855211  0.00715585 -0.00314159 -0.00981 0.10791 -9.83943
2091560 -0.00226893  0.00366519 -0.0020944 0 0.11772 -9.84924
2091600 -0.00541052  -0.00122173 0.00471239 -0.00981 0.12753 -9.84924
2091640 0.00261799  -0.00383972 -0.00383972 0 0.13734 -9.84924
2091680 -0.00575959  -0.00925025 -0.00593412 -0.00981 0.11772 -9.85905
2091700 0.00541052  -0.00610865 -0.0164061 0.00981 0.21582 -9.84924
2091760 0.00226893  -0.00855211 -0.0616101 0 0.14715 -9.84924
2091780 -0.00226893  -0.00715585 -0.0342085 0.01962 0.17658 -9.86886
2091840 -0.000174533  -0.000174533 0.00977384 -0.02943 0.08829 -9.83943
2091880 -0.0101229  0.00279253 0.0354302 0 0.20601 -9.82962
2091900 -0.00994838  0.00122173 0.0774926 -0.02943 0.22563 -9.84924
2091920 0  0.00331613 0.0963422 -0.03924 0.06867 -9.84924
2092000 -0.00698132  0.00174533 0.0270526 -0.04905 0.16677 -9.85905
2092060 -0.0106465  -0.00191986 0.0541052 -0.01962 0.05886 -9.84924
2092120 -0.00855211  -0.00139626 0.00907571 -0.02943 0.11772 -9.84924
2092140 -0.00331613  0.00279253 -0.000174533 -0.00981 0.08829 -9.83943
2092160 0.00610865  0.000698132 0.0118682 -0.01962 0.12753 -9.83943
2092200 -0.000872665  0.00610865 0.0144862 0 0.0981 -9.83943
2092240 -0.00331613  -0.00139626 0.00890118 -0.00981 0.14715 -9.83943
2092260 0.00174533  0.0115192 0.00296706 -0.00981 0.11772 -9.85905
2092320 -0.00959931  0.00279253 0.00610865 -0.01962 0.11772 -9.84924
2092360 0.00488692  -0.00261799 0.000174533 0 0.11772 -9.84924
2092420 -0.000349066  -0.00296706 0.0842994 -0.00981 -0.00981 -9.85905
2092560 -0.00645772  -0.00767945 0.000349066 0 0.0981 -9.84924
2092600 -0.00331613  0.00174533 0 0 0.12753 -9.84924
2092640 0.00401426  0.00488692 0.00191986 -0.00981 0.11772 -9.84924
2092760 -0.00244346  -0.000349066 -0.000349066 -0.00981 0.11772 -9.84924
2092780 -0.000174533  -0.000174533 -0.00139626 -0.00981 0.10791 -9.85905
2092820 -0.0116937  0.000698132 0.000698132 -0.00981 0.11772 -9.84924
2092900 -0.00226893  0.00279253 0.00471239 -0.00981 0.13734 -9.85905
2092940 -0.000174533  0.00610865 0.00593412 -0.00981 0.10791 -9.85905
2092960 -0.000174533  -0.00139626 0.00663225 0 0.11772 -9.86886
2092980 -0.00663225  0.0015708 -0.00314159 0 0.12753 -9.85905
2093060 -0.00436332  -0.00244346 0.00366519 0 0.12753 -9.85905
2093080 -0.00331613  0.0015708 -0.00314159 -0.01962 0.11772 -9.84924
2093120 0.00610865  0.00663225 -0.0020944 0 0.10791 -9.83943
2093140 0.00191986  0.000698132 0.00349066 -0.01962 0.11772 -9.83943
2093160 -0.000349066  -0.00174533 -0.00349066 0 0.10791 -9.84924
2093180 0.00191986  -0.000174533 0.00453786 -0.00981 0.14715 -9.84924
2093240 -0.00767945  -0.00471239 0.00122173 -0.01962 0.11772 -9.83943
2093340 -0.00331613  -0.00139626 0.00261799 -0.01962 0.11772 -9.87867
2093460 -0.00331613  0.00942478 0 -0.00981 0.10791 -9.84924
2093480 0.00715585  0.00122173 -0.00244346 -0.00981 0.10791 -9.82962
2093520 0.00296706  -0.00366519 0.00139626 0 0.11772 -9.84924
2093560 -0.00226893  0.00279253 0.00279253 -0.00981 0.10791 -9.84924
2093640 0.00506145  0.00401426 0.00820305 -0.00981 0.11772 -9.84924
2093660 0.0102974  0.000698132 0.00558505 -0.01962 0.12753 -9.83943
2093680 -0.000174533  0.00610865 0.00296706 -0.00981 0.10791 -9.84924
2093720 -0.00331613  0.00506145 0.000698132 -0.01962 0.10791 -9.84924
2093780 0.000698132  -0.00575959 -0.00279253 -0.00981 0.11772 -9.84924
2093800 0.000523599  -0.00471239 -0.00366519 -0.01962 0.10791 -9.86886
2093860 -0.00331613  0.000698132 0.00296706 0 0.11772 -9.84924
2093920 0.00715585  -0.00471239 -0.000523599 -0.01962 0.0981 -9.83943
2093940 -0.000174533  -0.00349066 0.00453786 -0.00981 0.10791 -9.84924
2094000 -0.000174533  -0.00139626 0.000523599 -0.00981 0.11772 -9.85905
2094020 -0.00366519  -0.00715585 -0.00488692 -0.00981 0.11772 -9.84924
2094040 -0.000174533  -0.00471239 -0.000523599 0 0.10791 -9.84924
2094140 0.00506145  0.00401426 0.00383972 -0.00981 0.11772 -9.84924
2094200 -0.00645772  0.00174533 0.00506145 -0.01962 0.10791 -9.87867
2094260 0.00383972  -0.000174533 0.00575959 -0.00981 0.12753 -9.84924
2094320 -0.00541052  0.000698132 0.00488692 -0.00981 0.11772 -9.84924
2094340 -0.000174533  -0.000174533 0.00471239 -0.02943 0.10791 -9.83943
2094400 -0.000174533  -0.00767945 -0.000523599 -0.01962 0.0981 -9.84924
2094480 -0.00855211  -0.000174533 0.00296706 -0.00981 0.12753 -9.84924
2094540 -0.000523599  -0.00802851 -0.00383972 -0.00981 0.11772 -9.83943
2094600 -0.00226893  -0.000349066 -0.00226893 0 0.11772 -9.83943
2094640 0.00174533  0.00383972 0.00401426 0 0.11772 -9.83943
2094720 -0.00453786  0.010821 -0.00645772 -0.01962 0.11772 -9.85905
2094820 0.0015708  0.00977384 -0.00750492 -0.02943 0.11772 -9.84924
2095080 -0.00226893  -0.00244346 0.00139626 -0.00981 0.10791 -9.84924
2095140 0.0102974  -0.00558505 0.00453786 -0.01962 0.11772 -9.84924
2095200 0.00174533  0.00488692 -0.00122173 -0.00981 0.11772 -9.85905
2095280 0.00174533  -0.00261799 0.00349066 0 0.0981 -9.85905
2095300 0.00191986  0.00471239 -0.00314159 -0.00981 0.11772 -9.83943
2095340 -0.00122173  -0.00680678 0.00139626 -0.01962 0.10791 -9.85905
2095360 -0.00541052  -0.000174533 0.000523599 0 0.0981 -9.82962
2095440 -0.00541052  0.00174533 0.00296706 -0.00981 0.0981 -9.85905
2095480 0.00401426  0.00715585 0.00296706 -0.01962 0.11772 -9.83943
2095500 -0.00750492  -0.000174533 0.000698132 0 0.11772 -9.84924
2095520 -0.0150098  -0.00139626 -0.000174533 0 0.11772 -9.83943
2095560 0.00488692  -0.00349066 0.00558505 0 0.11772 -9.85905
2095660 -0.00541052  0.00401426 0.00401426 -0.00981 0.0981 -9.84924
2095680 -0.00959931  0.010472 0.00610865 -0.00981 0.11772 -9.85905
2095700 -0.00174533  -0.00715585 -0.00680678 0 0.13734 -9.83943
2095800 0.00820305  -0.00366519 0.00244346 0 0.11772 -9.83943
2095840 0.00698132  0.00349066 -0.00244346 0 0.11772 -9.83943
2095860 -0.00331613  0.00698132 -0.00314159 -0.01962 0.11772 -9.85905
2095920 0.00558505  -0.00715585 -0.00593412 -0.01962 0.10791 -9.83943
2095940 0.00575959  -0.00401426 -0.00383972 0 0.12753 -9.83943
2095980 0.00593412  -0.000523599 -0.000698132 -0.00981 0.11772 -9.83943
2096020 0.00383972  -0.00244346 0.00453786 0 0.11772 -9.84924
2096060 0.00820305  0.00279253 0.00575959 0 0.11772 -9.85905
2096100 -0.00541052  0.00506145 0.00506145 0 0.12753 -9.85905
2096340 -0.00855211  -0.00558505 0.00349066 0 0.12753 -9.84924
2096360 -0.000174533  -0.00558505 0.00453786 -0.00981 0.11772 -9.83943
2096380 0.00401426  -0.00139626 0.0015708 0 0.11772 -9.84924
2096480 0.0113446  0.000349066 0.0015708 -0.00981 0.11772 -9.83943
2096540 0.00174533  -0.00244346 -0.000349066 -0.00981 0.11772 -9.84924
2096560 -0.00122173  -0.00453786 0.00244346 0 0.10791 -9.84924
2096640 -0.00261799  0.00122173 -0.00750492 -0.01962 0.12753 -9.85905
2096659 -0.00226893  0.00279253 0.000698132 0 0.13734 -9.85905
2096700 -0.00226893  -0.00453786 0.00767945 -0.00981 0.10791 -9.84924
2096720 0.00401426  0.00279253 0.00279253 0 0.11772 -9.85905
2096739 -0.0137881  0.00506145 0.00401426 -0.00981 0.11772 -9.83943
2096760 0.000872665  0.0015708 0.000523599 0 0.11772 -9.84924
2096800 0.000698132  0.00453786 -0.0020944 -0.01962 0.12753 -9.83943
2096840 -0.00122173  0.0015708 -0.0010472 -0.00981 0.12753 -9.84924
2096859 -0.00122173  0.00174533 0.00174533 -0.02943 0.11772 -9.83943
2096879 0.000698132  -0.00767945 0.00244346 -0.00981 0.11772 -9.84924
2096899 -0.00331613  -0.00244346 0.000523599 0 0.11772 -9.84924
2096939 -0.00331613  0.0115192 0.000872665 -0.00981 0.12753 -9.85905
2097020 0.00506145  0.00244346 -0.00122173 -0.00981 0.11772 -9.84924
2097040 0.00610865  0.000698132 0.00575959 0 0.11772 -9.85905
2097060 0.00506145  0.00401426 0.00401426 -0.00981 0.11772 -9.83943
2097100 -0.00855211  0.00174533 0.00610865 0 0.11772 -9.83943
2097120 -0.00122173  -0.000174533 0.00994838 -0.00981 0.11772 -9.84924
2097200 -0.00959931  -0.00139626 0.0015708 -0.01962 0.11772 -9.86886
2097260 0.00610865  0.000349066 -0.000349066 0 0.10791 -9.83943
2097340 -0.00139626  -0.0015708 -0.00244346 -0.00981 0.10791 -9.83943
2097380 -0.00122173  -0.00366519 -0.00261799 -0.00981 0.11772 -9.86886
2097400 0.00296706  0.000698132 0.00785398 -0.00981 0.11772 -9.84924
2097480 -0.00541052  -0.000174533 0.00383972 0 0.10791 -9.84924
2097520 0.00401426  0.000523599 0.0015708 0 0.11772 -9.84924
2097540 0.00593412  -0.000698132 -0.0015708 -0.00981 0.11772 -9.83943
2097580 0.000698132  0.00261799 -0.00244346 -0.00981 0.10791 -9.83943
2097640 -0.00959931  -0.00139626 0.0015708 0 0.11772 -9.85905
2097700 0.00296706  0.0015708 -0.000174533 -0.00981 0.11772 -9.86886
2097780 0.000698132  -0.00383972 -0.0015708 -0.03924 0.11772 -9.83943
2097840 -0.0137881  -0.000174533 0.00802851 -0.01962 0.10791 -9.84924
2097880 0.00610865  -0.00139626 0.00244346 0 0.11772 -9.84924
2097900 0.00191986  0.00174533 0.00174533 0 0.10791 -9.84924
2097920 0.00610865  0.00698132 0.00506145 -0.00981 0.11772 -9.83943
2097940 -0.00244346  0.00872665 -0.00628319 -0.01962 0.11772 -9.84924
2097960 -0.00436332  -0.000174533 0.0015708 -0.01962 0.12753 -9.83943
2097980 0.00261799  -0.013439 -0.0015708 0 0.11772 -9.83943
2098000 0.00296706  -0.00261799 0.00139626 0 0.11772 -9.84924
2098100 0.000872665  0.00261799 -0.00331613 0 0.11772 -9.82962
2098140 -0.00226893  0.00174533 -0.0010472 0 0.13734 -9.84924
2098160 0.00925025  0.00610865 0.00506145 0 0.10791 -9.85905
2098300 0.00279253  0.000349066 -0.00244346 -0.00981 0.11772 -9.84924
2098340 0.00279253  -0.00261799 -0.00261799 0 0.10791 -9.83943
2098460 0.00296706  -0.00575959 0.00139626 0 0.12753 -9.83943
2098480 -0.00436332  0.00506145 0.000872665 0 0.11772 -9.84924
2098680 0.00174533  0.00261799 -0.00122173 0.00981 0.11772 -9.85905
2098720 -0.000174533  -0.00244346 0.00366519 -0.01962 0.11772 -9.84924
2098780 -0.00959931  0.000698132 0.00802851 0 0.10791 -9.84924
